2.000000000000000111e-01 1.360675572588460891e-01
1.000000000000000056e-01 2.200917662980801937e-01
4.000000000000000222e-01 3.497369776986067325e-01
2.999999999999999889e-01 3.340514446642156021e-01
2.000000000000000111e-01 1.681522864689108665e-01
2.999999999999999889e-01 3.413345517800325801e-01
0.000000000000000000e+00 0.000000000000000000e+00
2.000000000000000111e-01 2.489083270225946054e-01
1.000000000000000056e-01 2.200917662980801937e-01
2.000000000000000111e-01 2.895229882348574479e-01
0.000000000000000000e+00 0.000000000000000000e+00
1.000000000000000056e-01 7.839826897867534228e-02
4.000000000000000222e-01 4.527261266800695072e-01
2.999999999999999889e-01 2.064159322350890280e-01
2.999999999999999889e-01 2.063859031235734109e-01
0.000000000000000000e+00 0.000000000000000000e+00
5.000000000000000000e-01 2.901477808674043368e-01
1.000000000000000056e-01 5.092443961722509932e-02
2.000000000000000111e-01 2.024832320725062362e-01
1.000000000000000056e-01 7.839826897867534228e-02
1.000000000000000056e-01 7.839826897867534228e-02
2.000000000000000111e-01 1.601542303182756644e-01
2.000000000000000111e-01 1.966694439572599651e-01
0.000000000000000000e+00 0.000000000000000000e+00
2.999999999999999889e-01 2.614432242450501764e-01
2.999999999999999889e-01 3.687257006082141908e-01
1.000000000000000056e-01 5.947719272904216509e-02
2.000000000000000111e-01 1.347569677041066116e-01
2.000000000000000111e-01 1.362052690623807572e-01
2.999999999999999889e-01 3.615691377182613242e-01
1.000000000000000056e-01 6.625422345438902738e-02
2.999999999999999889e-01 2.516923855317800274e-01
5.000000000000000000e-01 3.951675063309075808e-01
2.000000000000000111e-01 2.814848119028267592e-01
1.000000000000000056e-01 5.502294157452004841e-02
4.000000000000000222e-01 2.484616581254227574e-01
4.000000000000000222e-01 2.521932967321259822e-01
0.000000000000000000e+00 0.000000000000000000e+00
4.000000000000000222e-01 3.867837887303121058e-01
2.999999999999999889e-01 3.423037375821367800e-01
2.000000000000000111e-01 1.208702383337887099e-01
1.000000000000000056e-01 5.092443961722509932e-02
2.999999999999999889e-01 2.735872697693364497e-01
4.000000000000000222e-01 3.643406787667214930e-01
2.000000000000000111e-01 1.396181455537491012e-01
6.999999999999999556e-01 5.522184824503880707e-01
2.999999999999999889e-01 2.216984531733287300e-01
1.000000000000000056e-01 6.625422345438902738e-02
1.000000000000000056e-01 7.336392209936005993e-02
1.000000000000000056e-01 2.200917662980801937e-01
0.000000000000000000e+00 0.000000000000000000e+00
1.000000000000000056e-01 6.362078819895171378e-02
2.999999999999999889e-01 2.185643281948163874e-01
2.999999999999999889e-01 2.282095749227461834e-01
0.000000000000000000e+00 0.000000000000000000e+00
2.000000000000000111e-01 1.731866333482261489e-01
0.000000000000000000e+00 0.000000000000000000e+00
2.999999999999999889e-01 2.100269799148805627e-01
2.000000000000000111e-01 1.116525700242886610e-01
1.000000000000000056e-01 6.943122193677726817e-02
2.000000000000000111e-01 1.296981758779201799e-01
2.000000000000000111e-01 1.322438389192585606e-01
2.999999999999999889e-01 4.373524791503100584e-01
1.000000000000000056e-01 5.278074934727935985e-02
2.000000000000000111e-01 1.983396366025966806e-01
5.000000000000000000e-01 5.448810557941830002e-01
2.000000000000000111e-01 1.225884772329491751e-01
4.000000000000000222e-01 2.367622721849750311e-01
5.000000000000000000e-01 4.150713821851494956e-01
2.000000000000000111e-01 2.710162059153052860e-01
2.999999999999999889e-01 1.625770096415137533e-01
1.000000000000000056e-01 5.010834716923557447e-02
2.000000000000000111e-01 1.302098325238504883e-01
5.999999999999999778e-01 4.488934816271414330e-01
2.000000000000000111e-01 1.192000456884519943e-01
2.000000000000000111e-01 1.638914530896233290e-01
1.000000000000000056e-01 5.633425377856012689e-02
2.000000000000000111e-01 1.244541635112973027e-01
4.000000000000000222e-01 3.633412872595719878e-01
2.000000000000000111e-01 1.584091525685024926e-01
0.000000000000000000e+00 0.000000000000000000e+00
1.000000000000000056e-01 6.625422345438902738e-02
1.000000000000000056e-01 5.092443961722509932e-02
4.000000000000000222e-01 2.605123442218495455e-01
1.000000000000000056e-01 5.780700008370543569e-02
4.000000000000000222e-01 5.055541380863606271e-01
1.000000000000000056e-01 6.139304560474655170e-02
2.000000000000000111e-01 1.511226181481109265e-01
2.000000000000000111e-01 1.378754617077175004e-01
2.999999999999999889e-01 1.691433199709039825e-01
1.000000000000000056e-01 5.092443961722509932e-02
2.000000000000000111e-01 1.446524924330643835e-01
1.000000000000000056e-01 5.278074934727935985e-02
0.000000000000000000e+00 0.000000000000000000e+00
2.999999999999999889e-01 2.304015447030424713e-01
0.000000000000000000e+00 0.000000000000000000e+00
2.999999999999999889e-01 3.409620046318689313e-01
0.000000000000000000e+00 0.000000000000000000e+00
2.999999999999999889e-01 2.484810075024351250e-01
4.000000000000000222e-01 4.798244485054233843e-01
1.000000000000000056e-01 5.947719272904216509e-02
1.000000000000000056e-01 6.943122193677726817e-02
5.999999999999999778e-01 4.396124321699335091e-01
2.999999999999999889e-01 3.932783996463063425e-01
5.999999999999999778e-01 6.038242386113719107e-01
0.000000000000000000e+00 0.000000000000000000e+00
5.999999999999999778e-01 6.129428464242270280e-01
5.000000000000000000e-01 3.810081199155274656e-01
2.999999999999999889e-01 2.931280009721474733e-01
0.000000000000000000e+00 0.000000000000000000e+00
4.000000000000000222e-01 2.893068623356336855e-01
4.000000000000000222e-01 3.757677525932108797e-01
4.000000000000000222e-01 4.695419596026195186e-01
1.000000000000000056e-01 5.502294157452004841e-02
1.000000000000000056e-01 7.336392209936005993e-02
2.999999999999999889e-01 1.900508390029639894e-01
5.000000000000000000e-01 3.516265338212620772e-01
1.000000000000000056e-01 6.625422345438902738e-02
4.000000000000000222e-01 3.227266260473091175e-01
2.999999999999999889e-01 3.246840791905346579e-01
2.999999999999999889e-01 1.983477267915427222e-01
0.000000000000000000e+00 0.000000000000000000e+00
1.000000000000000056e-01 5.092443961722509932e-02
1.000000000000000056e-01 1.388624438735545363e-01
1.000000000000000056e-01 5.947719272904216509e-02
5.999999999999999778e-01 6.074403132439285535e-01
4.000000000000000222e-01 5.326208815196264990e-01
2.000000000000000111e-01 1.257654757153373881e-01
4.000000000000000222e-01 3.643406787667214930e-01
1.000000000000000056e-01 5.010834716923557447e-02
2.999999999999999889e-01 2.140837143698416378e-01
1.000000000000000056e-01 7.336392209936005993e-02
4.000000000000000222e-01 4.873410738455148938e-01
5.999999999999999778e-01 6.656408072973953871e-01
1.000000000000000056e-01 1.100458831490400968e-01
2.999999999999999889e-01 1.796110456559206203e-01
2.999999999999999889e-01 2.394086747402139892e-01
2.000000000000000111e-01 1.163625706236246088e-01
2.000000000000000111e-01 2.795689590271223657e-01
4.000000000000000222e-01 3.892885028246261814e-01
2.999999999999999889e-01 3.836331529183765188e-01
1.000000000000000056e-01 7.839826897867534228e-02
4.000000000000000222e-01 2.580093146345959765e-01
2.000000000000000111e-01 1.010327867864606599e-01
4.000000000000000222e-01 3.348071463444101670e-01
4.000000000000000222e-01 4.885468020156228386e-01
2.000000000000000111e-01 2.984900352767555498e-01
2.000000000000000111e-01 1.251754856445352060e-01
2.999999999999999889e-01 2.341071066871345530e-01
4.000000000000000222e-01 2.963825014486985432e-01
2.000000000000000111e-01 1.095855398982777396e-01
0.000000000000000000e+00 0.000000000000000000e+00
2.000000000000000111e-01 1.232767918773604865e-01
2.000000000000000111e-01 2.795689590271223657e-01
5.000000000000000000e-01 5.196686647788697488e-01
0.000000000000000000e+00 0.000000000000000000e+00
2.000000000000000111e-01 1.517621910780354022e-01
0.000000000000000000e+00 0.000000000000000000e+00
2.999999999999999889e-01 1.893522043823828993e-01
2.999999999999999889e-01 1.835724757990428169e-01
2.000000000000000111e-01 1.133227626696253765e-01
2.999999999999999889e-01 2.056364909991580392e-01
2.000000000000000111e-01 3.301376494471203182e-01
1.000000000000000056e-01 5.947719272904216509e-02
2.999999999999999889e-01 2.578753740644926795e-01
6.999999999999999556e-01 7.083907276763455885e-01
0.000000000000000000e+00 0.000000000000000000e+00
1.000000000000000056e-01 5.278074934727935985e-02
2.000000000000000111e-01 1.389886875822042289e-01
4.000000000000000222e-01 3.209281138355458696e-01
5.000000000000000000e-01 3.633631349594608761e-01
0.000000000000000000e+00 0.000000000000000000e+00
6.999999999999999556e-01 7.229326617663623944e-01
1.000000000000000056e-01 6.943122193677726817e-02
2.000000000000000111e-01 1.195395691060128496e-01
4.000000000000000222e-01 5.038509217104211180e-01
2.000000000000000111e-01 1.186437297734717761e-01
1.000000000000000056e-01 6.943122193677726817e-02
2.000000000000000111e-01 1.938853854480745986e-01
0.000000000000000000e+00 0.000000000000000000e+00
2.000000000000000111e-01 1.028890965165149413e-01
2.999999999999999889e-01 2.014962499066692281e-01
0.000000000000000000e+00 0.000000000000000000e+00
1.000000000000000056e-01 9.478836436955079270e-02
2.999999999999999889e-01 2.140837143698416378e-01
1.000000000000000056e-01 8.514311764162101059e-02
0.000000000000000000e+00 0.000000000000000000e+00
1.000000000000000056e-01 9.478836436955079270e-02
1.000000000000000056e-01 6.625422345438902738e-02
2.999999999999999889e-01 2.223038252253616287e-01
5.999999999999999778e-01 5.835669941277554784e-01
2.999999999999999889e-01 1.921274043468626236e-01
0.000000000000000000e+00 0.000000000000000000e+00
2.000000000000000111e-01 2.240055615151755330e-01
2.000000000000000111e-01 1.465999279147259249e-01
0.000000000000000000e+00 0.000000000000000000e+00
2.000000000000000111e-01 3.052348839397012181e-01
4.000000000000000222e-01 3.446255621020127835e-01
4.000000000000000222e-01 4.626593991361391267e-01
2.999999999999999889e-01 1.947608396022999511e-01
0.000000000000000000e+00 0.000000000000000000e+00
2.000000000000000111e-01 3.301376494471203182e-01
2.999999999999999889e-01 2.914578083268107300e-01
2.999999999999999889e-01 4.323181322709947483e-01
5.000000000000000000e-01 4.927241957099042780e-01
5.000000000000000000e-01 4.601477108296721519e-01
2.000000000000000111e-01 2.024832320725062362e-01
1.000000000000000056e-01 5.092443961722509932e-02
2.000000000000000111e-01 2.122263659729146101e-01
2.000000000000000111e-01 1.010327867864606599e-01
4.000000000000000222e-01 4.324731059601839012e-01
1.000000000000000056e-01 2.200917662980801937e-01
2.999999999999999889e-01 3.334145289677055701e-01
2.999999999999999889e-01 2.009867462116245174e-01
1.000000000000000056e-01 5.780700008370543569e-02
2.000000000000000111e-01 1.251754856445352060e-01
1.000000000000000056e-01 6.943122193677726817e-02
0.000000000000000000e+00 0.000000000000000000e+00
0.000000000000000000e+00 0.000000000000000000e+00
4.000000000000000222e-01 4.762384029843823030e-01
1.000000000000000056e-01 5.384556994058321833e-02
2.999999999999999889e-01 2.461134404078861859e-01
1.000000000000000056e-01 6.943122193677726817e-02
0.000000000000000000e+00 0.000000000000000000e+00
1.000000000000000056e-01 6.139304560474655170e-02
1.000000000000000056e-01 5.633425377856012689e-02
5.000000000000000000e-01 4.751683015560099199e-01
2.000000000000000111e-01 1.610425878239398201e-01
2.999999999999999889e-01 4.000232483092520108e-01
1.000000000000000056e-01 6.362078819895171378e-02
4.000000000000000222e-01 2.677504733610582832e-01
2.000000000000000111e-01 1.498113059440708550e-01
0.000000000000000000e+00 0.000000000000000000e+00
2.000000000000000111e-01 1.951966976521146702e-01
0.000000000000000000e+00 0.000000000000000000e+00
2.000000000000000111e-01 2.863459897524692765e-01
1.000000000000000056e-01 9.478836436955079270e-02
2.000000000000000111e-01 3.052348839397012181e-01
2.000000000000000111e-01 1.212771650289090897e-01
5.000000000000000000e-01 4.072937400353607296e-01
2.999999999999999889e-01 2.700414621995092523e-01
2.000000000000000111e-01 1.152386155453297700e-01
1.000000000000000056e-01 5.092443961722509932e-02
0.000000000000000000e+00 0.000000000000000000e+00
2.999999999999999889e-01 2.412249014749947851e-01
0.000000000000000000e+00 0.000000000000000000e+00
2.000000000000000111e-01 1.884441521277154252e-01
2.999999999999999889e-01 2.065709059242781531e-01
0.000000000000000000e+00 0.000000000000000000e+00
1.000000000000000056e-01 7.839826897867534228e-02
5.000000000000000000e-01 4.562634159482722440e-01
2.999999999999999889e-01 2.422897220682986297e-01
1.000000000000000056e-01 1.388624438735545363e-01
2.000000000000000111e-01 1.486339343101339971e-01
1.000000000000000056e-01 1.388624438735545363e-01
1.000000000000000056e-01 9.478836436955079270e-02
2.999999999999999889e-01 2.565897432568611802e-01
2.999999999999999889e-01 3.598830808815021154e-01
2.000000000000000111e-01 1.311709221830654748e-01
4.000000000000000222e-01 3.022935537124155081e-01
2.999999999999999889e-01 2.301456765440123564e-01
1.000000000000000056e-01 9.478836436955079270e-02
1.000000000000000056e-01 7.336392209936005993e-02
1.000000000000000056e-01 1.388624438735545363e-01
4.000000000000000222e-01 3.398491900851790537e-01
1.000000000000000056e-01 6.625422345438902738e-02
1.000000000000000056e-01 7.839826897867534228e-02
0.000000000000000000e+00 0.000000000000000000e+00
2.000000000000000111e-01 1.261446714466394059e-01
1.000000000000000056e-01 6.943122193677726817e-02
1.000000000000000056e-01 9.478836436955079270e-02
1.000000000000000056e-01 6.943122193677726817e-02
1.000000000000000056e-01 6.362078819895171378e-02
4.000000000000000222e-01 3.669741140221587927e-01
2.000000000000000111e-01 1.234722692685956413e-01
1.000000000000000056e-01 7.336392209936005993e-02
1.000000000000000056e-01 5.947719272904216509e-02
2.000000000000000111e-01 1.511226181481109265e-01
0.000000000000000000e+00 0.000000000000000000e+00
2.000000000000000111e-01 2.240055615151755330e-01
2.999999999999999889e-01 3.067153271063000619e-01
5.999999999999999778e-01 5.523120783023620639e-01
0.000000000000000000e+00 0.000000000000000000e+00
5.000000000000000000e-01 5.137523836774393615e-01
2.999999999999999889e-01 2.685529228900211396e-01
2.999999999999999889e-01 2.452973479598966888e-01
4.000000000000000222e-01 3.212146299620486922e-01
1.000000000000000056e-01 9.478836436955079270e-02
2.000000000000000111e-01 1.200997933949722596e-01
2.000000000000000111e-01 2.814848119028267592e-01
2.000000000000000111e-01 1.397913145834218940e-01
4.000000000000000222e-01 2.593032499903746846e-01
2.999999999999999889e-01 1.824789252251995675e-01
2.000000000000000111e-01 2.082936658103318184e-01
1.000000000000000056e-01 6.943122193677726817e-02
2.000000000000000111e-01 2.984900352767555498e-01
2.000000000000000111e-01 1.225884772329491751e-01
1.000000000000000056e-01 1.100458831490400968e-01
1.000000000000000056e-01 5.947719272904216509e-02
2.999999999999999889e-01 2.023217807132351442e-01
4.000000000000000222e-01 3.800792492056601080e-01
5.999999999999999778e-01 4.244281768565711932e-01
2.000000000000000111e-01 1.618574466942152568e-01
2.999999999999999889e-01 2.484810075024351250e-01
2.000000000000000111e-01 1.475691137168301525e-01
0.000000000000000000e+00 0.000000000000000000e+00
2.000000000000000111e-01 2.172607128522298925e-01
1.000000000000000056e-01 1.100458831490400968e-01
2.000000000000000111e-01 1.951966976521146702e-01
2.000000000000000111e-01 2.024832320725062362e-01
2.000000000000000111e-01 1.794771050858173511e-01
2.000000000000000111e-01 2.984900352767555498e-01
2.999999999999999889e-01 1.932889349653562905e-01
1.000000000000000056e-01 5.947719272904216509e-02
1.000000000000000056e-01 5.780700008370543569e-02
2.000000000000000111e-01 2.751147078726002282e-01
4.000000000000000222e-01 2.762812033692695901e-01
1.000000000000000056e-01 2.200917662980801937e-01
5.000000000000000000e-01 3.180376314796604653e-01
2.000000000000000111e-01 2.024832320725062362e-01
0.000000000000000000e+00 0.000000000000000000e+00
1.000000000000000056e-01 1.100458831490400968e-01
5.999999999999999778e-01 3.800424749692859483e-01
2.000000000000000111e-01 1.545743395783982510e-01
0.000000000000000000e+00 0.000000000000000000e+00
2.000000000000000111e-01 2.739373362386633981e-01
2.999999999999999889e-01 3.512626884811456685e-01
2.000000000000000111e-01 1.234722692685956413e-01
2.999999999999999889e-01 4.184314029006768743e-01
1.000000000000000056e-01 7.839826897867534228e-02
2.000000000000000111e-01 1.542655570985929647e-01
0.000000000000000000e+00 0.000000000000000000e+00
2.000000000000000111e-01 1.212771650289090897e-01
2.999999999999999889e-01 2.308559216283969373e-01
5.000000000000000000e-01 3.793031623471498359e-01
1.000000000000000056e-01 5.181156354517515300e-02
0.000000000000000000e+00 0.000000000000000000e+00
1.000000000000000056e-01 5.502294157452004841e-02
1.000000000000000056e-01 1.388624438735545363e-01
1.000000000000000056e-01 7.336392209936005993e-02
2.000000000000000111e-01 1.799314820111718172e-01
1.000000000000000056e-01 9.478836436955079270e-02
0.000000000000000000e+00 0.000000000000000000e+00
1.000000000000000056e-01 1.100458831490400968e-01
1.000000000000000056e-01 1.100458831490400968e-01
0.000000000000000000e+00 0.000000000000000000e+00
2.999999999999999889e-01 2.010111911584956668e-01
2.000000000000000111e-01 1.585070397409810705e-01
1.000000000000000056e-01 5.780700008370543569e-02
2.000000000000000111e-01 1.585070397409810705e-01
2.000000000000000111e-01 1.561814099742973305e-01
2.000000000000000111e-01 1.397913145834218940e-01
4.000000000000000222e-01 5.173633627401371671e-01
2.000000000000000111e-01 1.212427854819524142e-01
2.000000000000000111e-01 2.863459897524692765e-01
5.999999999999999778e-01 5.684984677917187534e-01
4.000000000000000222e-01 3.602655223756747738e-01
0.000000000000000000e+00 0.000000000000000000e+00
2.000000000000000111e-01 1.244541635112973027e-01
1.000000000000000056e-01 7.839826897867534228e-02
1.000000000000000056e-01 6.625422345438902738e-02
8.000000000000000444e-01 6.628795124433415342e-01
2.000000000000000111e-01 1.736666713479918245e-01
4.000000000000000222e-01 3.683833310003407635e-01
2.000000000000000111e-01 1.938853854480745986e-01
0.000000000000000000e+00 0.000000000000000000e+00
1.000000000000000056e-01 1.100458831490400968e-01
2.000000000000000111e-01 3.052348839397012181e-01
2.000000000000000111e-01 1.362052690623807572e-01
1.000000000000000056e-01 5.780700008370543569e-02
2.000000000000000111e-01 1.356854453911663094e-01
0.000000000000000000e+00 0.000000000000000000e+00
1.000000000000000056e-01 5.092443961722509932e-02
1.000000000000000056e-01 6.362078819895171378e-02
1.000000000000000056e-01 7.336392209936005993e-02
2.999999999999999889e-01 1.781626616377077754e-01
4.000000000000000222e-01 3.132547877902253086e-01
1.000000000000000056e-01 8.514311764162101059e-02
1.000000000000000056e-01 5.181156354517515300e-02
1.000000000000000056e-01 6.943122193677726817e-02
1.000000000000000056e-01 2.200917662980801937e-01
2.000000000000000111e-01 1.311790183259546883e-01
0.000000000000000000e+00 0.000000000000000000e+00
2.000000000000000111e-01 1.517621910780354022e-01
1.000000000000000056e-01 5.502294157452004841e-02
4.000000000000000222e-01 2.592216837411188135e-01
1.000000000000000056e-01 1.100458831490400968e-01
2.000000000000000111e-01 1.446203103706631965e-01
1.000000000000000056e-01 5.502294157452004841e-02
2.999999999999999889e-01 2.344065099232999216e-01
2.000000000000000111e-01 1.298750116533407273e-01
2.999999999999999889e-01 3.896148421761624903e-01
2.999999999999999889e-01 1.831603573049645495e-01
1.000000000000000056e-01 7.839826897867534228e-02
2.999999999999999889e-01 2.182606336381464340e-01
0.000000000000000000e+00 0.000000000000000000e+00
1.000000000000000056e-01 6.625422345438902738e-02
2.000000000000000111e-01 3.052348839397012181e-01
0.000000000000000000e+00 0.000000000000000000e+00
4.000000000000000222e-01 4.168874539639898513e-01
1.000000000000000056e-01 6.625422345438902738e-02
2.999999999999999889e-01 2.160655293984598546e-01
4.000000000000000222e-01 3.250640124440019041e-01
6.999999999999999556e-01 7.461923758273013574e-01
1.000000000000000056e-01 2.200917662980801937e-01
1.000000000000000056e-01 7.839826897867534228e-02
1.000000000000000056e-01 2.200917662980801937e-01
5.000000000000000000e-01 6.332196796270028738e-01
2.000000000000000111e-01 3.148801306676309864e-01
5.000000000000000000e-01 5.343258390880041286e-01
2.000000000000000111e-01 1.047700095578083246e-01
0.000000000000000000e+00 0.000000000000000000e+00
4.000000000000000222e-01 2.443751459569029616e-01
4.000000000000000222e-01 4.220949603708207265e-01
1.000000000000000056e-01 5.502294157452004841e-02
2.999999999999999889e-01 3.183395489593718874e-01
1.000000000000000056e-01 6.139304560474655170e-02
5.000000000000000000e-01 4.499648480677918561e-01
2.000000000000000111e-01 3.052348839397012181e-01
2.000000000000000111e-01 1.545743395783982510e-01
0.000000000000000000e+00 0.000000000000000000e+00
1.000000000000000056e-01 2.200917662980801937e-01
6.999999999999999556e-01 5.851270744704433202e-01
2.000000000000000111e-01 2.710162059153052860e-01
4.000000000000000222e-01 3.076145208162618938e-01
0.000000000000000000e+00 0.000000000000000000e+00
2.000000000000000111e-01 3.148801306676309864e-01
5.000000000000000000e-01 3.573838985644949839e-01
1.000000000000000056e-01 6.362078819895171378e-02
1.000000000000000056e-01 9.478836436955079270e-02
5.999999999999999778e-01 5.625294444503202707e-01
2.999999999999999889e-01 2.745478892647209013e-01
2.999999999999999889e-01 2.646202227274383478e-01
1.000000000000000056e-01 5.780700008370543569e-02
0.000000000000000000e+00 0.000000000000000000e+00
1.000000000000000056e-01 6.625422345438902738e-02
1.000000000000000056e-01 5.780700008370543569e-02
5.999999999999999778e-01 4.378613157477087570e-01
1.000000000000000056e-01 9.478836436955079270e-02
1.000000000000000056e-01 5.633425377856012689e-02
2.000000000000000111e-01 1.736666713479918245e-01
1.000000000000000056e-01 7.336392209936005993e-02
2.999999999999999889e-01 4.152884639501948083e-01
2.999999999999999889e-01 3.187939258847263257e-01
0.000000000000000000e+00 0.000000000000000000e+00
5.000000000000000000e-01 4.720835550660255064e-01
2.000000000000000111e-01 3.301376494471203182e-01
2.000000000000000111e-01 1.663801369276002029e-01
1.000000000000000056e-01 2.200917662980801937e-01
2.000000000000000111e-01 2.863459897524692765e-01
5.000000000000000000e-01 6.117952373568121827e-01
2.000000000000000111e-01 1.028890965165149413e-01
1.000000000000000056e-01 7.336392209936005993e-02
1.000000000000000056e-01 1.388624438735545363e-01
1.000000000000000056e-01 9.478836436955079270e-02
2.000000000000000111e-01 2.795689590271223657e-01
0.000000000000000000e+00 0.000000000000000000e+00
1.000000000000000056e-01 5.633425377856012689e-02
1.000000000000000056e-01 6.943122193677726817e-02
4.000000000000000222e-01 3.922933709442144035e-01
5.000000000000000000e-01 3.698273473249466536e-01
2.000000000000000111e-01 1.347569677041066116e-01
0.000000000000000000e+00 0.000000000000000000e+00
5.000000000000000000e-01 5.461050346302651626e-01
2.000000000000000111e-01 3.148801306676309864e-01
1.000000000000000056e-01 1.100458831490400968e-01
2.999999999999999889e-01 2.300398291804074125e-01
2.000000000000000111e-01 1.164015375462310597e-01
0.000000000000000000e+00 0.000000000000000000e+00
2.000000000000000111e-01 2.702001134673158167e-01
1.000000000000000056e-01 6.943122193677726817e-02
2.000000000000000111e-01 1.966694439572599651e-01
1.000000000000000056e-01 5.181156354517515300e-02
1.000000000000000056e-01 7.839826897867534228e-02
2.999999999999999889e-01 3.836331529183765188e-01
0.000000000000000000e+00 0.000000000000000000e+00
0.000000000000000000e+00 0.000000000000000000e+00
4.000000000000000222e-01 3.791620232390405243e-01
2.000000000000000111e-01 1.475691137168301525e-01
2.000000000000000111e-01 1.171786630716141336e-01
1.000000000000000056e-01 5.502294157452004841e-02
2.999999999999999889e-01 2.131552366827819400e-01
2.999999999999999889e-01 2.181951277773499787e-01
2.999999999999999889e-01 2.076183060277762837e-01
5.999999999999999778e-01 5.040687763915070452e-01
1.000000000000000056e-01 1.100458831490400968e-01
1.000000000000000056e-01 9.478836436955079270e-02
2.000000000000000111e-01 1.397913145834218940e-01
5.000000000000000000e-01 3.527181981060877325e-01
4.000000000000000222e-01 2.614638759683595159e-01
0.000000000000000000e+00 0.000000000000000000e+00
1.000000000000000056e-01 6.943122193677726817e-02
2.000000000000000111e-01 1.763001066034291242e-01
2.999999999999999889e-01 3.030820301798825556e-01
1.000000000000000056e-01 8.514311764162101059e-02
1.000000000000000056e-01 5.780700008370543569e-02
1.000000000000000056e-01 5.384556994058321833e-02
1.000000000000000056e-01 8.514311764162101059e-02
1.000000000000000056e-01 9.478836436955079270e-02
2.000000000000000111e-01 2.814848119028267592e-01
1.000000000000000056e-01 6.943122193677726817e-02
2.999999999999999889e-01 2.665097129326901571e-01
2.000000000000000111e-01 1.884441521277154252e-01
0.000000000000000000e+00 0.000000000000000000e+00
1.000000000000000056e-01 6.943122193677726817e-02
0.000000000000000000e+00 0.000000000000000000e+00
2.999999999999999889e-01 2.343342448656252630e-01
1.000000000000000056e-01 5.502294157452004841e-02
2.999999999999999889e-01 3.436966913921454259e-01
2.999999999999999889e-01 4.252084336260237851e-01
2.999999999999999889e-01 2.428869979774423149e-01
2.000000000000000111e-01 1.427951440361373281e-01
4.000000000000000222e-01 2.467890667354353806e-01
2.999999999999999889e-01 2.014962499066692281e-01
4.000000000000000222e-01 4.667579010934341244e-01
2.000000000000000111e-01 2.934556883974402397e-01
2.000000000000000111e-01 2.172607128522298925e-01
0.000000000000000000e+00 0.000000000000000000e+00
1.000000000000000056e-01 6.625422345438902738e-02
2.999999999999999889e-01 2.834827542442177051e-01
2.000000000000000111e-01 2.048342475185909173e-01
1.000000000000000056e-01 8.514311764162101059e-02
0.000000000000000000e+00 0.000000000000000000e+00
1.000000000000000056e-01 6.139304560474655170e-02
4.000000000000000222e-01 2.885552204239946184e-01
2.999999999999999889e-01 3.024038304938508337e-01
1.000000000000000056e-01 7.839826897867534228e-02
1.000000000000000056e-01 5.384556994058321833e-02
2.999999999999999889e-01 2.602902321562116650e-01
2.000000000000000111e-01 1.897868834907796287e-01
4.000000000000000222e-01 2.908002409069913585e-01
0.000000000000000000e+00 0.000000000000000000e+00
4.000000000000000222e-01 5.107164012496701044e-01
2.000000000000000111e-01 1.214277882826571564e-01
2.000000000000000111e-01 3.148801306676309864e-01
2.000000000000000111e-01 1.212427854819524142e-01
1.000000000000000056e-01 6.943122193677726817e-02
2.000000000000000111e-01 1.401660592161410590e-01
1.000000000000000056e-01 1.388624438735545363e-01
5.000000000000000000e-01 5.344808127771932815e-01
1.000000000000000056e-01 5.502294157452004841e-02
1.000000000000000056e-01 5.278074934727935985e-02
2.000000000000000111e-01 1.037051889645044661e-01
4.000000000000000222e-01 4.704556029456168353e-01
2.000000000000000111e-01 1.190349728016684011e-01
2.000000000000000111e-01 3.589542101716347022e-01
4.000000000000000222e-01 3.227938001138940249e-01
5.000000000000000000e-01 3.626453836223009763e-01
2.999999999999999889e-01 2.735872697693364497e-01
2.000000000000000111e-01 2.002554894783010742e-01
2.000000000000000111e-01 3.052348839397012181e-01
2.999999999999999889e-01 1.700649421600269884e-01
0.000000000000000000e+00 0.000000000000000000e+00
2.999999999999999889e-01 3.404474278520825958e-01
1.000000000000000056e-01 6.943122193677726817e-02
0.000000000000000000e+00 0.000000000000000000e+00
2.000000000000000111e-01 1.695230758780822689e-01
0.000000000000000000e+00 0.000000000000000000e+00
1.000000000000000056e-01 1.100458831490400968e-01
2.000000000000000111e-01 1.195395691060128496e-01
2.999999999999999889e-01 2.108745338250521961e-01
1.000000000000000056e-01 5.947719272904216509e-02
2.000000000000000111e-01 1.663801369276002029e-01
2.000000000000000111e-01 1.240612235380944700e-01
0.000000000000000000e+00 0.000000000000000000e+00
0.000000000000000000e+00 0.000000000000000000e+00
2.000000000000000111e-01 1.257654757153373881e-01
1.000000000000000056e-01 5.633425377856012689e-02
5.000000000000000000e-01 5.014887820983082722e-01
4.000000000000000222e-01 3.085117634602864700e-01
1.000000000000000056e-01 5.384556994058321833e-02
2.999999999999999889e-01 2.191608862748795905e-01
1.000000000000000056e-01 7.336392209936005993e-02
5.999999999999999778e-01 6.250937071923735600e-01
2.000000000000000111e-01 1.834098052484001429e-01
2.999999999999999889e-01 1.955447499878882889e-01
2.000000000000000111e-01 1.347569677041066116e-01
2.999999999999999889e-01 3.016890763698739653e-01
2.999999999999999889e-01 2.258573296566424027e-01
2.999999999999999889e-01 4.252084336260237851e-01
2.999999999999999889e-01 2.279382616777583248e-01
2.999999999999999889e-01 3.273065960012699338e-01
1.000000000000000056e-01 5.181156354517515300e-02
2.000000000000000111e-01 1.663801369276002029e-01
0.000000000000000000e+00 0.000000000000000000e+00
0.000000000000000000e+00 0.000000000000000000e+00
4.000000000000000222e-01 4.306915771752333200e-01
1.000000000000000056e-01 6.362078819895171378e-02
5.999999999999999778e-01 5.426188701474211618e-01
2.000000000000000111e-01 1.311790183259546883e-01
2.000000000000000111e-01 1.938853854480745986e-01
5.000000000000000000e-01 4.409159788954264414e-01
2.999999999999999889e-01 1.777620420612172625e-01
5.000000000000000000e-01 4.887786297582045747e-01
1.000000000000000056e-01 6.625422345438902738e-02
5.999999999999999778e-01 6.645759867040915703e-01
2.999999999999999889e-01 2.584020129795674414e-01
2.999999999999999889e-01 3.484786299719603297e-01
0.000000000000000000e+00 0.000000000000000000e+00
1.000000000000000056e-01 6.943122193677726817e-02
2.999999999999999889e-01 2.778511314557587375e-01
4.000000000000000222e-01 2.819128261577285577e-01
2.999999999999999889e-01 2.546661935197032656e-01
0.000000000000000000e+00 0.000000000000000000e+00
2.999999999999999889e-01 2.178863452975446646e-01
2.000000000000000111e-01 1.302098325238504883e-01
1.000000000000000056e-01 6.362078819895171378e-02
2.000000000000000111e-01 1.158114465076022920e-01
2.000000000000000111e-01 2.336508082431053290e-01
0.000000000000000000e+00 0.000000000000000000e+00
4.000000000000000222e-01 4.753557477178658175e-01
2.999999999999999889e-01 1.605099795155028042e-01
2.999999999999999889e-01 2.457313285402063785e-01
4.000000000000000222e-01 2.867659871308669839e-01
1.000000000000000056e-01 5.010834716923557447e-02
4.000000000000000222e-01 4.392526525729597564e-01
2.999999999999999889e-01 2.350597169527383901e-01
4.000000000000000222e-01 2.760312416462411544e-01
2.999999999999999889e-01 1.837205815939239595e-01
1.000000000000000056e-01 1.388624438735545363e-01
1.000000000000000056e-01 5.947719272904216509e-02
0.000000000000000000e+00 0.000000000000000000e+00
1.000000000000000056e-01 2.200917662980801937e-01
4.000000000000000222e-01 4.920062203073636842e-01
4.000000000000000222e-01 3.810183329690948195e-01
5.000000000000000000e-01 5.907272848394972131e-01
1.000000000000000056e-01 5.502294157452004841e-02
2.000000000000000111e-01 2.489083270225946054e-01
2.999999999999999889e-01 2.215472759230222577e-01
2.999999999999999889e-01 2.999050316974943287e-01
5.000000000000000000e-01 4.506272515712258508e-01
2.000000000000000111e-01 1.601542303182756644e-01
1.000000000000000056e-01 8.514311764162101059e-02
4.000000000000000222e-01 4.703037086632613772e-01
5.000000000000000000e-01 3.929091992288399338e-01
5.999999999999999778e-01 4.150886026235764414e-01
2.000000000000000111e-01 1.638914530896233290e-01
4.000000000000000222e-01 4.224135470113153379e-01
0.000000000000000000e+00 0.000000000000000000e+00
0.000000000000000000e+00 0.000000000000000000e+00
0.000000000000000000e+00 0.000000000000000000e+00
0.000000000000000000e+00 0.000000000000000000e+00
1.000000000000000056e-01 7.336392209936005993e-02
5.999999999999999778e-01 5.273704087410875374e-01
1.000000000000000056e-01 5.278074934727935985e-02
2.000000000000000111e-01 3.589542101716347022e-01
4.000000000000000222e-01 2.189112634200738594e-01
2.000000000000000111e-01 1.663801369276002029e-01
2.000000000000000111e-01 1.242883617165851662e-01
1.000000000000000056e-01 2.200917662980801937e-01
2.000000000000000111e-01 3.301376494471203182e-01
5.000000000000000000e-01 4.888657799861447772e-01
2.000000000000000111e-01 2.895229882348574479e-01
4.000000000000000222e-01 3.411842245867896528e-01
2.000000000000000111e-01 1.047700095578083246e-01
2.999999999999999889e-01 3.364933038443112534e-01
2.999999999999999889e-01 4.283854321084119565e-01
2.999999999999999889e-01 1.900508390029639894e-01
1.000000000000000056e-01 1.100458831490400968e-01
0.000000000000000000e+00 0.000000000000000000e+00
2.000000000000000111e-01 1.203556615540023744e-01
2.000000000000000111e-01 2.710162059153052860e-01
4.000000000000000222e-01 4.666423217456664441e-01
1.000000000000000056e-01 5.780700008370543569e-02
0.000000000000000000e+00 0.000000000000000000e+00
2.999999999999999889e-01 2.100269799148805627e-01
0.000000000000000000e+00 0.000000000000000000e+00
4.000000000000000222e-01 5.217808426679542144e-01
1.000000000000000056e-01 5.633425377856012689e-02
1.000000000000000056e-01 5.947719272904216509e-02
2.000000000000000111e-01 1.088685115151032806e-01
2.000000000000000111e-01 1.362052690623807572e-01
4.000000000000000222e-01 5.271064966405455410e-01
5.000000000000000000e-01 4.319985350346480235e-01
0.000000000000000000e+00 0.000000000000000000e+00
4.000000000000000222e-01 5.208116568658499590e-01
5.000000000000000000e-01 4.526576876012066708e-01
4.000000000000000222e-01 3.028848092261463010e-01
4.000000000000000222e-01 3.526637384340434722e-01
2.999999999999999889e-01 1.796110456559206203e-01
4.000000000000000222e-01 5.100691314582920244e-01
0.000000000000000000e+00 0.000000000000000000e+00
4.000000000000000222e-01 4.789015552876929593e-01
0.000000000000000000e+00 0.000000000000000000e+00
4.000000000000000222e-01 4.345575925356016667e-01
1.000000000000000056e-01 6.139304560474655170e-02
2.999999999999999889e-01 2.808815010511815924e-01
2.000000000000000111e-01 1.360675572588460891e-01
2.000000000000000111e-01 1.298750116533407273e-01
2.000000000000000111e-01 1.105877494309848025e-01
4.000000000000000222e-01 3.652708976462192836e-01
1.000000000000000056e-01 8.514311764162101059e-02
1.000000000000000056e-01 9.478836436955079270e-02
2.000000000000000111e-01 1.285066161479109237e-01
4.000000000000000222e-01 3.403586937802238199e-01
0.000000000000000000e+00 0.000000000000000000e+00
4.000000000000000222e-01 4.505655760587973235e-01
1.000000000000000056e-01 2.200917662980801937e-01
2.999999999999999889e-01 4.152807670887412872e-01
2.999999999999999889e-01 2.610744151576111505e-01
2.000000000000000111e-01 1.513973410960100519e-01
4.000000000000000222e-01 4.099509148465344532e-01
5.999999999999999778e-01 4.941836060621020432e-01
0.000000000000000000e+00 0.000000000000000000e+00
0.000000000000000000e+00 0.000000000000000000e+00
5.999999999999999778e-01 4.428396748213515588e-01
1.000000000000000056e-01 5.947719272904216509e-02
4.000000000000000222e-01 2.561217031446453296e-01
1.000000000000000056e-01 5.010834716923557447e-02
2.000000000000000111e-01 3.589542101716347022e-01
1.000000000000000056e-01 6.625422345438902738e-02
0.000000000000000000e+00 0.000000000000000000e+00
1.000000000000000056e-01 5.780700008370543569e-02
2.999999999999999889e-01 2.457313285402063785e-01
1.000000000000000056e-01 9.478836436955079270e-02
4.000000000000000222e-01 2.294229823526443557e-01
5.000000000000000000e-01 5.509662124799076244e-01
2.000000000000000111e-01 1.465999279147259249e-01
1.000000000000000056e-01 1.388624438735545363e-01
2.000000000000000111e-01 3.052348839397012181e-01
2.000000000000000111e-01 1.731866333482261489e-01
2.999999999999999889e-01 2.597326822073432462e-01
2.999999999999999889e-01 2.650071153201939422e-01
2.000000000000000111e-01 3.052348839397012181e-01
5.000000000000000000e-01 5.771493379489847086e-01
0.000000000000000000e+00 0.000000000000000000e+00
2.999999999999999889e-01 2.681851524694549571e-01
1.000000000000000056e-01 7.839826897867534228e-02
4.000000000000000222e-01 3.020655823187664568e-01
5.000000000000000000e-01 4.183719256955455434e-01
0.000000000000000000e+00 0.000000000000000000e+00
2.999999999999999889e-01 3.896148421761624903e-01
2.000000000000000111e-01 3.148801306676309864e-01
2.000000000000000111e-01 1.240612235380944700e-01
5.000000000000000000e-01 4.147139484808618493e-01
2.000000000000000111e-01 1.610425878239398201e-01
2.000000000000000111e-01 1.244541635112973027e-01
2.999999999999999889e-01 1.726818018789638698e-01
2.000000000000000111e-01 3.052348839397012181e-01
6.999999999999999556e-01 7.465424422966282503e-01
0.000000000000000000e+00 0.000000000000000000e+00
4.000000000000000222e-01 3.385056958187377396e-01
5.000000000000000000e-01 5.585125840989937362e-01
2.000000000000000111e-01 1.214277882826571564e-01
2.000000000000000111e-01 1.427951440361373281e-01
2.000000000000000111e-01 1.208702383337887099e-01
1.000000000000000056e-01 5.947719272904216509e-02
2.000000000000000111e-01 1.378754617077175004e-01
2.999999999999999889e-01 2.502119423651811836e-01
5.000000000000000000e-01 6.136204036913379678e-01
0.000000000000000000e+00 0.000000000000000000e+00
9.000000000000000222e-01 8.679569460909366541e-01
0.000000000000000000e+00 0.000000000000000000e+00
0.000000000000000000e+00 0.000000000000000000e+00
4.000000000000000222e-01 5.208116568658499590e-01
1.000000000000000056e-01 6.362078819895171378e-02
2.000000000000000111e-01 1.834098052484001429e-01
2.999999999999999889e-01 3.819492129922954504e-01
5.000000000000000000e-01 4.369832787328436496e-01
1.000000000000000056e-01 9.478836436955079270e-02
2.000000000000000111e-01 2.024832320725062362e-01
2.000000000000000111e-01 1.283868636738801083e-01
2.999999999999999889e-01 3.676608800149103740e-01
2.000000000000000111e-01 1.133227626696253765e-01
2.999999999999999889e-01 3.365077534773467938e-01
0.000000000000000000e+00 0.000000000000000000e+00
2.000000000000000111e-01 1.379238669889003843e-01
2.000000000000000111e-01 1.115013927739821331e-01
4.000000000000000222e-01 2.815820186009328485e-01
2.999999999999999889e-01 2.085174997377380601e-01
2.999999999999999889e-01 3.490001809638996200e-01
2.999999999999999889e-01 2.089621593215767181e-01
0.000000000000000000e+00 0.000000000000000000e+00
2.000000000000000111e-01 1.906740074187296963e-01
2.999999999999999889e-01 4.440973278132557267e-01
1.000000000000000056e-01 6.943122193677726817e-02
2.999999999999999889e-01 3.746661058764784724e-01
1.000000000000000056e-01 5.947719272904216509e-02
4.000000000000000222e-01 3.373283241848009095e-01
1.000000000000000056e-01 5.633425377856012689e-02
2.999999999999999889e-01 4.152807670887412872e-01
2.000000000000000111e-01 1.983396366025966806e-01
2.999999999999999889e-01 3.714891073940902455e-01
5.000000000000000000e-01 5.096418119381326273e-01
1.000000000000000056e-01 7.839826897867534228e-02
2.000000000000000111e-01 1.257314161834311994e-01
4.000000000000000222e-01 4.703114055247149539e-01
0.000000000000000000e+00 0.000000000000000000e+00
4.000000000000000222e-01 5.199967979955745223e-01
1.000000000000000056e-01 9.478836436955079270e-02
8.000000000000000444e-01 7.620047622340128113e-01
0.000000000000000000e+00 0.000000000000000000e+00
2.999999999999999889e-01 2.677708585393739904e-01
1.000000000000000056e-01 1.100458831490400968e-01
2.999999999999999889e-01 2.264618703283067247e-01
0.000000000000000000e+00 0.000000000000000000e+00
5.999999999999999778e-01 5.578242694545825220e-01
2.000000000000000111e-01 1.511226181481109265e-01
2.000000000000000111e-01 2.240055615151755330e-01
1.000000000000000056e-01 6.625422345438902738e-02
5.999999999999999778e-01 4.565016995087141094e-01
2.999999999999999889e-01 4.537425745411854949e-01
2.999999999999999889e-01 3.477390353572158421e-01
2.000000000000000111e-01 1.230979809279938719e-01
2.000000000000000111e-01 1.068345051196952084e-01
1.000000000000000056e-01 6.139304560474655170e-02
1.000000000000000056e-01 6.625422345438902738e-02
5.999999999999999778e-01 6.197177241986882024e-01
8.000000000000000444e-01 7.476573866795707124e-01
5.000000000000000000e-01 4.445907888140175346e-01
5.999999999999999778e-01 5.881690066924464277e-01
5.000000000000000000e-01 5.525732828758066484e-01
2.000000000000000111e-01 1.663801369276002029e-01
1.000000000000000056e-01 8.514311764162101059e-02
2.999999999999999889e-01 1.602881708883789058e-01
4.000000000000000222e-01 4.131279133289226801e-01
4.000000000000000222e-01 2.511177971352931970e-01
4.000000000000000222e-01 4.420896227075742368e-01
0.000000000000000000e+00 0.000000000000000000e+00
4.000000000000000222e-01 3.011371046317068423e-01
2.999999999999999889e-01 1.938306207228022160e-01
0.000000000000000000e+00 0.000000000000000000e+00
1.000000000000000056e-01 5.947719272904216509e-02
4.000000000000000222e-01 4.397562130760008792e-01
2.999999999999999889e-01 3.433685581754406524e-01
2.999999999999999889e-01 3.332963754480018914e-01
4.000000000000000222e-01 4.545918129584176626e-01
1.000000000000000056e-01 7.336392209936005993e-02
0.000000000000000000e+00 0.000000000000000000e+00
2.000000000000000111e-01 2.336508082431053290e-01
5.000000000000000000e-01 3.599148408337481397e-01
4.000000000000000222e-01 4.381081808305046232e-01
1.000000000000000056e-01 7.839826897867534228e-02
5.999999999999999778e-01 6.520903013327281617e-01
1.000000000000000056e-01 8.514311764162101059e-02
0.000000000000000000e+00 0.000000000000000000e+00
0.000000000000000000e+00 0.000000000000000000e+00
2.999999999999999889e-01 2.462511522114208817e-01
2.000000000000000111e-01 1.257314161834311994e-01
1.000000000000000056e-01 5.010834716923557447e-02
4.000000000000000222e-01 4.598358253250404704e-01
2.999999999999999889e-01 2.317430455563469494e-01
1.000000000000000056e-01 9.478836436955079270e-02
0.000000000000000000e+00 0.000000000000000000e+00
2.999999999999999889e-01 2.018705382472709697e-01
0.000000000000000000e+00 0.000000000000000000e+00
2.000000000000000111e-01 1.486339343101339971e-01
1.000000000000000056e-01 1.388624438735545363e-01
2.000000000000000111e-01 1.296981758779201799e-01
2.000000000000000111e-01 1.414773714201811305e-01
0.000000000000000000e+00 0.000000000000000000e+00
2.000000000000000111e-01 1.171786630716141336e-01
5.000000000000000000e-01 4.972425358125330264e-01
2.000000000000000111e-01 1.133227626696253765e-01
0.000000000000000000e+00 0.000000000000000000e+00
2.999999999999999889e-01 3.512626884811456685e-01
2.000000000000000111e-01 2.489083270225946054e-01
5.000000000000000000e-01 4.725398535100547859e-01
1.000000000000000056e-01 5.278074934727935985e-02
2.000000000000000111e-01 2.795689590271223657e-01
1.000000000000000056e-01 2.200917662980801937e-01
5.000000000000000000e-01 4.933753415107466900e-01
2.999999999999999889e-01 3.183395489593718874e-01
2.999999999999999889e-01 3.512626884811456685e-01
2.000000000000000111e-01 1.123174852219716302e-01
2.999999999999999889e-01 2.618080742270754713e-01
2.000000000000000111e-01 1.128299416582254910e-01
2.000000000000000111e-01 1.511226181481109265e-01
2.000000000000000111e-01 1.799314820111718172e-01
0.000000000000000000e+00 0.000000000000000000e+00
1.000000000000000056e-01 7.336392209936005993e-02
4.000000000000000222e-01 3.269373955838035806e-01
5.999999999999999778e-01 6.910266797107083026e-01
2.999999999999999889e-01 1.764340471735323934e-01
0.000000000000000000e+00 0.000000000000000000e+00
2.000000000000000111e-01 2.719033298432553258e-01
2.000000000000000111e-01 2.863459897524692765e-01
1.000000000000000056e-01 5.780700008370543569e-02
5.999999999999999778e-01 4.085572321285973474e-01
1.000000000000000056e-01 6.625422345438902738e-02
1.000000000000000056e-01 5.633425377856012689e-02
2.000000000000000111e-01 1.141412538622655487e-01
2.000000000000000111e-01 2.895229882348574479e-01
1.000000000000000056e-01 6.943122193677726817e-02
2.999999999999999889e-01 1.897354305340755443e-01
0.000000000000000000e+00 0.000000000000000000e+00
2.000000000000000111e-01 1.618574466942152568e-01
2.000000000000000111e-01 2.837125544970319213e-01
1.000000000000000056e-01 6.362078819895171378e-02
4.000000000000000222e-01 3.196150743107809000e-01
2.000000000000000111e-01 1.650688247235601591e-01
2.000000000000000111e-01 1.352514648108565642e-01
2.999999999999999889e-01 3.590804538802844226e-01
5.000000000000000000e-01 4.513678195393643344e-01
4.000000000000000222e-01 2.595398265274417304e-01
0.000000000000000000e+00 0.000000000000000000e+00
2.000000000000000111e-01 1.731866333482261489e-01
4.000000000000000222e-01 4.982899359160311570e-01
1.000000000000000056e-01 5.181156354517515300e-02
1.000000000000000056e-01 6.625422345438902738e-02
1.000000000000000056e-01 5.384556994058321833e-02
2.999999999999999889e-01 3.016890763698739653e-01
2.000000000000000111e-01 1.475691137168301525e-01
1.000000000000000056e-01 5.181156354517515300e-02
5.999999999999999778e-01 4.843267459137692854e-01
2.999999999999999889e-01 1.965003129947011651e-01
1.000000000000000056e-01 1.388624438735545363e-01
2.999999999999999889e-01 2.147434063470626542e-01
2.000000000000000111e-01 3.301376494471203182e-01
5.000000000000000000e-01 3.973982153064029577e-01
2.000000000000000111e-01 1.158114465076022920e-01
0.000000000000000000e+00 0.000000000000000000e+00
2.000000000000000111e-01 1.116525700242886610e-01
0.000000000000000000e+00 0.000000000000000000e+00
5.999999999999999778e-01 6.068836452173383966e-01
1.000000000000000056e-01 1.388624438735545363e-01
2.000000000000000111e-01 1.401660592161410590e-01
0.000000000000000000e+00 0.000000000000000000e+00
5.000000000000000000e-01 3.460349940280765257e-01
2.000000000000000111e-01 2.122263659729146101e-01
2.000000000000000111e-01 1.487639058405727244e-01
1.000000000000000056e-01 5.780700008370543569e-02
2.999999999999999889e-01 1.752733582232403886e-01
2.999999999999999889e-01 3.183395489593718874e-01
0.000000000000000000e+00 0.000000000000000000e+00
5.999999999999999778e-01 6.779622526422514062e-01
4.000000000000000222e-01 3.009048933684745353e-01
0.000000000000000000e+00 0.000000000000000000e+00
0.000000000000000000e+00 0.000000000000000000e+00
2.999999999999999889e-01 2.343342448656252630e-01
4.000000000000000222e-01 3.093521167391580784e-01
1.000000000000000056e-01 6.625422345438902738e-02
2.000000000000000111e-01 1.285066161479109237e-01
2.000000000000000111e-01 2.751147078726002282e-01
2.999999999999999889e-01 2.181951277773499787e-01
2.000000000000000111e-01 1.116525700242886610e-01
1.000000000000000056e-01 5.010834716923557447e-02
2.000000000000000111e-01 1.731866333482261489e-01
2.000000000000000111e-01 1.663801369276002029e-01
1.000000000000000056e-01 5.947719272904216509e-02
4.000000000000000222e-01 3.240952179719250870e-01
1.000000000000000056e-01 5.502294157452004841e-02
1.000000000000000056e-01 5.010834716923557447e-02
